407.0 -62.09931816785416 126.85132968922436 -1.3263466767580192 -90.0 0.0 30.0 
291.0 -62.09931816785416 126.85132968922436 -1.3263466767580192 -90.0 0.0 30.0 
251.0 -62.09931816785416 126.85132968922436 -1.3263466767580192 -90.0 0.0 30.0 
251.0 -62.09931816785416 126.85132968922436 -1.3263466767580192 -90.0 0.0 0.0 
407.0 -62.09931816785416 126.85132968922436 -1.3263466767580192 -90.0 0.0 0.0 
407.0 -51.983037632921835 125.80741081482533 -10.92066777449083 -90.0 0.0 0.0 
291.0 -51.983037632921835 125.80741081482533 -10.92066777449083 -90.0 0.0 0.0 
251.0 -51.983037632921835 125.80741081482533 -10.92066777449083 -90.0 0.0 0.0 
251.0 -51.983037632921835 125.80741081482533 -10.92066777449083 -90.0 0.0 30.0 
407.0 -51.983037632921835 125.80741081482533 -10.92066777449083 -90.0 0.0 30.0 
