-23.25 199.25 200.0 0.0 30.0 
-23.25 199.25 105.33333333333333 0.0 30.0 
-23.25 199.25 65.33333333333333 0.0 30.0 
-23.25 199.25 65.33333333333333 0.0 0.0 
-23.25 199.25 200.0 0.0 0.0 
230.75 353.25 200.0 0.0 0.0 
230.75 353.25 105.33333333333333 0.0 0.0 
230.75 353.25 105.33333333333333 0.0 30.0 
230.75 353.25 200.0 0.0 30.0 
-23.25 468.75 200.0 0.0 30.0 
-23.25 468.75 105.33333333333333 0.0 30.0 
-23.25 468.75 65.33333333333333 0.0 30.0 
-23.25 468.75 65.33333333333333 0.0 0.0 
-23.25 468.75 200.0 0.0 0.0 
-23.25 199.25 200.0 0.0 0.0 
-23.25 199.25 105.33333333333333 0.0 0.0 
-23.25 199.25 65.33333333333333 0.0 0.0 
-23.25 199.25 65.33333333333333 0.0 30.0 
-23.25 199.25 200.0 0.0 30.0 
