15.25 199.25 200.0 0.0 30.0 
15.25 199.25 105.33333333333333 0.0 30.0 
15.25 199.25 65.33333333333333 0.0 30.0 
15.25 199.25 65.33333333333333 0.0 0.0 
15.25 199.25 200.0 0.0 0.0 
230.75 353.25 200.0 0.0 0.0 
230.75 353.25 105.33333333333333 0.0 0.0 
230.75 353.25 105.33333333333333 0.0 30.0 
230.75 353.25 200.0 0.0 30.0 
15.25 237.75 200.0 0.0 30.0 
15.25 237.75 84.0 0.0 30.0 
15.25 237.75 44.0 0.0 30.0 
15.25 237.75 44.0 0.0 0.0 
15.25 237.75 200.0 0.0 0.0 
15.25 199.25 200.0 0.0 0.0 
15.25 199.25 84.0 0.0 0.0 
15.25 199.25 44.0 0.0 0.0 
15.25 199.25 44.0 0.0 30.0 
15.25 199.25 200.0 0.0 30.0 
